4.999  	1.03228E-5
5.722	1.03267E-5
6.899	1.03315E-5
8.149	1.0342E-5
9.456	1.03555E-5
10.712	1.03729E-5
11.865	1.03915E-5
13.024	1.04084E-5
14.184	1.0433E-5
15.342	1.04547E-5
16.505	1.04793E-5
17.688	1.05055E-5
18.937	1.05327E-5
19.995	1.05583E-5
21.143	1.05845E-5
22.308	1.06138E-5
23.464	1.06405E-5
24.615	1.06689E-5
25.765	1.07001E-5
26.92	1.07278E-5
28.072	1.07568E-5
29.23	1.07879E-5
30.509	1.08228E-5
31.787	1.08591E-5
33.014	1.08944E-5
34.172	1.09262E-5
35.365	1.09575E-5
36.529	1.09921E-5
37.694	1.10246E-5
38.851	1.10616E-5
40.016	1.10962E-5
41.175	1.11325E-5
42.341	1.11678E-5
43.494	1.12054E-5
44.661	1.12395E-5
45.825	1.12793E-5
46.983	1.13161E-5
48.155	1.13565E-5
49.314	1.13941E-5
50.475	1.14342E-5
51.678	1.14752E-5
52.948	1.15165E-5
54.245	1.1563E-5
55.449	1.16064E-5
56.597	1.16466E-5
57.764	1.16896E-5
58.925	1.17321E-5
60.069	1.17729E-5
61.24	1.18158E-5
62.386	1.18592E-5
63.54	1.19012E-5
64.705	1.19476E-5
65.873	1.19906E-5
67.023	1.20314E-5
68.174	1.20789E-5
69.328	1.21217E-5
70.477	1.21696E-5
71.637	1.22147E-5
72.791	1.22598E-5
74.057	1.23124E-5
75.343	1.23641E-5
76.507	1.241E-5
77.677	1.24578E-5
78.831	1.2506E-5
80.053	1.25555E-5
81.233	1.26069E-5
82.409	1.26532E-5
83.581	1.26998E-5
84.745	1.27497E-5
85.898	1.27997E-5
87.068	1.28504E-5
88.228	1.29014E-5
89.4	1.29534E-5
90.56	1.30007E-5
91.742	1.3058E-5
92.913	1.31061E-5
94.074	1.31573E-5
95.271	1.32085E-5
96.556	1.32678E-5
97.842	1.33265E-5
99.025	1.3381E-5
100.198	1.34337E-5
101.36	1.34873E-5
102.503	1.35425E-5
103.66	1.35939E-5
104.79	1.36466E-5
105.944	1.37041E-5
107.116	1.37562E-5
108.277	1.3814E-5
109.42	1.38664E-5
110.573	1.39216E-5
111.747	1.39785E-5
112.86	1.40321E-5
114.029	1.40911E-5
115.194	1.41489E-5
116.336	1.42006E-5
117.551	1.42629E-5
118.821	1.43274E-5
120.098	1.43903E-5
121.243	1.44484E-5
122.423	1.45072E-5
123.572	1.45652E-5
124.759	1.46234E-5
125.923	1.46849E-5
127.117	1.47406E-5
128.269	1.47995E-5
129.431	1.48598E-5
130.583	1.4919E-5
131.768	1.49803E-5
132.917	1.504E-5
134.104	1.51002E-5
135.271	1.51616E-5
136.42	1.52231E-5
137.617	1.52815E-5
138.748	1.53405E-5
139.936	1.54058E-5
141.223	1.54711E-5
142.376	1.55337E-5
143.549	1.55971E-5
144.677	1.56572E-5
145.823	1.57163E-5
146.981	1.57821E-5
148.136	1.58437E-5
149.288	1.59058E-5
150.428	1.5972E-5
151.592	1.60304E-5
152.74	1.6094E-5
153.906	1.61579E-5
155.048	1.62195E-5
156.201	1.62817E-5
157.321	1.63459E-5
158.491	1.64095E-5
159.657	1.64737E-5
160.829	1.65395E-5
162.012	1.66043E-5
163.226	1.66696E-5
164.376	1.67357E-5
165.552	1.68014E-5
166.734	1.68692E-5
167.899	1.6933E-5
169.068	1.69955E-5
170.259	1.70609E-5
171.431	1.71275E-5
172.578	1.71899E-5
173.74	1.72562E-5
174.924	1.73251E-5
176.074	1.73921E-5
177.259	1.7457E-5
178.427	1.75231E-5
179.608	1.75929E-5
180.795	1.76583E-5
181.95	1.77238E-5
183.103	1.77905E-5
184.381	1.7864E-5
185.651	1.79365E-5
186.801	1.79991E-5
187.955	1.80654E-5
189.085	1.81327E-5
190.231	1.8199E-5
191.387	1.82665E-5
192.508	1.83319E-5
193.672	1.84012E-5
194.832	1.84666E-5
195.994	1.85327E-5
197.138	1.85993E-5
198.278	1.86677E-5
199.439	1.87337E-5
200.574	1.88007E-5
201.714	1.88685E-5
202.85	1.89371E-5
204.018	1.90042E-5
205.193	1.90714E-5
206.481	1.9145E-5
207.57	1.92119E-5
208.758	1.92809E-5
209.92	1.93493E-5
211.113	1.94164E-5
212.299	1.94859E-5
213.472	1.95537E-5
214.641	1.96212E-5
215.818	1.96866E-5
216.977	1.97558E-5
218.146	1.98241E-5
219.323	1.98896E-5
220.489	1.996E-5
221.679	2.00286E-5
222.857	2.00925E-5
224.05	2.01609E-5
225.21	2.02281E-5
226.393	2.02961E-5
227.601	2.03685E-5
228.904	2.04439E-5
230.133	2.05121E-5
231.267	2.05784E-5
232.438	2.06433E-5
233.545	2.07105E-5
234.664	2.07763E-5
235.818	2.08446E-5
236.961	2.09131E-5
238.098	2.09803E-5
239.242	2.10454E-5
240.402	2.11114E-5
241.572	2.11789E-5
242.701	2.12434E-5
243.827	2.1311E-5
244.957	2.13766E-5
246.103	2.14484E-5
247.273	2.15137E-5
248.458	2.15786E-5
249.735	2.16544E-5
250.953	2.17276E-5
252.119	2.17916E-5
253.278	2.18604E-5
254.449	2.19261E-5
255.673	2.19938E-5
256.859	2.20605E-5
258.044	2.21236E-5
259.207	2.21914E-5
260.375	2.22631E-5
261.564	2.23245E-5
262.71	2.23896E-5
263.918	2.24566E-5
265.079	2.25237E-5
266.227	2.25851E-5
267.431	2.26489E-5
268.612	2.27185E-5
269.761	2.27842E-5
271.029	2.28557E-5
272.342	2.29231E-5
273.571	2.29917E-5
274.71	2.30584E-5
275.865	2.31217E-5
277.016	2.3184E-5
278.131	2.32487E-5
279.26	2.33125E-5
280.391	2.33779E-5
281.527	2.34403E-5
282.703	2.35068E-5
283.866	2.35672E-5
285.007	2.36302E-5
286.147	2.36909E-5
287.221	2.37542E-5
288.312	2.38121E-5
289.364	2.38725E-5
290.469	2.39325E-5
291.56	2.39935E-5
292.768	2.40593E-5
293.991	2.41247E-5
295.042	2.41841E-5
296.179	2.42441E-5
297.318	2.43045E-5
298.452	2.43657E-5
299.614	2.44213E-5
300.391	2.44672E-5
300.108	2.44532E-5
